0.08703481392557023
0.631452581032413
0.6902761104441777
0.7671068427370948
0.7430972388955582
0.6686674669867947
0.8127250900360145
0.8247298919567827
0.8391356542617047
0.8643457382953181
0.8433373349339736
0.8937575030012005
0.8313325330132053
0.84093637454982
0.8499399759903962
0.8601440576230492
0.8487394957983193
0.8649459783913566
0.8613445378151261
0.8553421368547419
0.8847539015606243
0.8883553421368547
0.8607442977190877
0.8805522208883554
0.8805522208883554
0.8553421368547419
0.8931572629051621
0.8925570228091236
0.9033613445378151
0.9051620648259304
